-2.761999999999980204e+01
-2.995999999999989072e+01
-2.671999999999980346e+01
-2.755999999999984240e+01
-2.347999999999977661e+01
-2.659999999999981668e+01
-2.665999999999980119e+01
-2.737999999999982492e+01
-2.431999999999976225e+01
-2.461999999999977717e+01
-2.455999999999977845e+01
-2.797999999999977305e+01
-2.587999999999982847e+01
-2.599999999999977618e+01
-2.527999999999977376e+01
-2.443999999999977746e+01
-2.389999999999977831e+01
-2.665999999999979053e+01
-2.641999999999980275e+01
-2.515999999999977987e+01
-2.473999999999979593e+01
-2.653999999999980375e+01
-2.515999999999976211e+01
-2.641999999999982407e+01
-2.407999999999978513e+01
-2.437999999999977163e+01
-2.419999999999974705e+01
-2.677999999999983061e+01
-2.497999999999978726e+01
-2.407999999999977447e+01
-1.413999999999989221e+01
-2.281999999999976936e+01
-2.227999999999976666e+01
-2.335999999999975785e+01
-2.383999999999976893e+01
-2.545999999999981256e+01
-2.551999999999983615e+01
-2.407999999999976737e+01
-2.377999999999974889e+01
-2.377999999999979153e+01
-2.257999999999974960e+01
-2.725999999999989143e+01
-2.467999999999980432e+01
-2.323999999999974975e+01
-2.707999999999985619e+01
-2.461999999999981981e+01
-2.311999999999975941e+01
-2.365999999999977277e+01
-2.563999999999980162e+01
-2.473999999999982435e+01
-1.417999999999989846e+01
-2.587999999999978584e+01
-2.013999999999983359e+01
-2.419999999999976126e+01
-2.593999999999984851e+01
-2.527999999999984482e+01
-2.395999999999975927e+01
-2.557999999999981711e+01
-1.529999999999986215e+01
8.399999999999999689e-01
-2.431999999999979778e+01
-2.377999999999976311e+01
-2.503999999999978598e+01
-2.640000000000002345e+00
-1.243999999999991246e+01
-2.503999999999978598e+01
-2.641999999999980986e+01
3.399999999999999689e-01
-2.497999999999982990e+01
-2.719999999999982876e+01
-2.449999999999977618e+01
-2.587999999999984979e+01
-2.419999999999975060e+01
-2.419999999999978257e+01
-2.413999999999978030e+01
-2.587999999999981071e+01
-2.623999999999982791e+01
-8.200000000000009504e-01
-1.741999999999985960e+01
-2.359999999999979181e+01
-1.811999999999984112e+01
-7.279999999999999361e+00
-2.329999999999977334e+01
-2.437999999999981071e+01
-2.269999999999976836e+01
-2.395999999999975216e+01
-2.509999999999978115e+01
-2.413999999999976609e+01
1.999999999999979572e-02
-1.820000000000001616e+00
-2.359999999999978115e+01
-2.233999999999977604e+01
-2.341999999999975657e+01
-2.539999999999981739e+01
-2.677999999999980574e+01
-2.353999999999977533e+01
-2.275999999999974577e+01
-2.563999999999982293e+01
-2.281999999999978712e+01
-2.500000000000002220e+00
-2.557999999999977092e+01
-2.389999999999975699e+01
-2.569999999999981455e+01
-2.317999999999977234e+01
-2.485999999999976495e+01
-1.501999999999986812e+01
-2.347999999999979792e+01
-7.999999999999984013e+00
-2.353999999999976822e+01
-2.275999999999977419e+01
-9.259999999999962483e+00
-2.533999999999981512e+01
-2.341999999999978499e+01
-2.600000000000004530e-01
-2.329999999999979465e+01
-2.371999999999977859e+01
-2.599999999999983302e+01
-1.657999999999986684e+01
-2.635999999999979337e+01
-2.437999999999980005e+01
-1.400000000000001243e+00
-2.401999999999977575e+01
9.200000000000000400e-01
-2.347999999999981213e+01
-2.413999999999979451e+01
-5.160000000000003695e+00
-5.879999999999999893e+00
-2.389999999999976410e+01
-1.409999999999990195e+01
-2.359999999999975984e+01
-2.191999999999975657e+01
-2.281999999999976225e+01
-2.600000000000004530e-01
-5.320000000000001172e+00
-2.455999999999982109e+01
-2.323999999999973909e+01
-1.240000000000001545e+00
-6.160000000000000142e+00
-1.449999999999988809e+01
-1.199999999999993072e+01
-6.579999999999998295e+00
-2.359999999999976339e+01
-2.341999999999974591e+01
-2.257999999999976026e+01
-2.611999999999978073e+01
-2.240000000000001990e+00
-2.521999999999978215e+01
-5.620000000000002771e+00
-2.341999999999975657e+01
-2.551999999999978641e+01
-2.365999999999975500e+01
-1.295999999999990671e+01
-2.287999999999980361e+01
-2.479999999999976268e+01
-2.491999999999978854e+01
-2.055999999999976779e+01
-4.500000000000001776e+00
-2.473999999999977817e+01
-2.377999999999975245e+01
-6.120000000000002771e+00
-2.281999999999976225e+01
-9.600000000000010747e-01
-1.620000000000001439e+00
-1.149999999999991473e+01
-1.800000000000001599e+00
-5.940000000000002167e+00
-2.503999999999979309e+01
-2.479999999999978044e+01
-2.323999999999977817e+01
-1.891999999999980986e+01
-2.641999999999979565e+01
-3.000000000000004885e-01
-2.389999999999977121e+01
-1.281999999999990081e+01
-2.353999999999976112e+01
-1.919999999999981810e+01
-2.920000000000002593e+00
-2.287999999999975032e+01
-2.305999999999977845e+01
-2.359999999999978471e+01
-9.600000000000010747e-01
-2.185999999999976851e+01
-1.471999999999986386e+01
-1.265999999999990244e+01
-3.320000000000002949e+00
-1.640000000000001457e+00
-3.160000000000002807e+00
-2.485999999999975785e+01
-3.140000000000002345e+00
-2.335999999999975785e+01
-1.137999999999992262e+01
-2.281999999999977291e+01
-2.220000000000001972e+00
-2.740000000000002434e+00
-2.389999999999975344e+01
-2.371999999999978570e+01
-2.660000000000002363e+00
-2.187999999999980716e+01
9.999999999999975575e-02
-1.940000000000001723e+00
-9.959999999999952891e+00
-6.400000000000002132e+00
-2.545999999999980545e+01
-2.269999999999976126e+01
-2.365999999999976922e+01
4.800000000000000933e-01
-8.599999999999974776e+00
7.999999999999973799e-02
-2.323999999999978527e+01
-2.641999999999981341e+01
-1.587999999999985690e+01
-6.080000000000002736e+00
-1.985999999999981114e+01
-8.379999999999984794e+00
-1.455999999999986372e+01
-2.311999999999974520e+01
-8.699999999999969091e+00
-3.580000000000001847e+00
-2.455999999999976424e+01
-8.939999999999974634e+00
-5.000000000000002665e+00
3.999999999999981348e-02
-1.320000000000001172e+00
-4.720000000000001528e+00
-1.005999999999994721e+01
-2.395999999999979480e+01
-2.700000000000002842e+00
-1.531999999999986173e+01
-7.600000000000008971e-01
-1.499999999999986855e+01
8.800000000000000044e-01
-7.359999999999995879e+00
-2.263999999999975188e+01
-8.600000000000009859e-01
-1.123999999999993094e+01
-2.401999999999979707e+01
-5.000000000000002665e+00
-5.700000000000002842e+00
-9.039999999999967173e+00
6.999999999999999556e-01
-2.239999999999978542e+01
-2.383999999999978670e+01
-2.353999999999976112e+01
-2.383999999999975827e+01
-5.380000000000002558e+00
-4.040000000000002700e+00
-4.200000000000001954e+00
-5.400000000000007017e-01
-3.620000000000002771e+00
-1.400000000000001243e+00
-4.440000000000000391e+00
-1.880000000000001670e+00
4.200000000000000400e-01
-2.640000000000002345e+00
-2.680000000000002380e+00
-7.719999999999986429e+00
-1.980000000000001759e+00
-2.300000000000002043e+00
-1.881999999999981199e+01
-8.600000000000007638e-01
-3.580000000000002736e+00
-1.221999999999990294e+01
-2.227999999999974534e+01
-2.557999999999981355e+01
-5.260000000000003340e+00
-2.425999999999977774e+01
-1.601999999999986457e+01
-7.000000000000008438e-01
-6.840000000000003411e+00
-2.263999999999977319e+01
-6.580000000000000071e+00
-5.480000000000003091e+00
-5.700000000000001066e+00
-3.180000000000001492e+00
-2.359999999999981313e+01
-6.160000000000003695e+00
-2.440000000000002167e+00
-2.039999999999979963e+01
-1.047999999999994003e+01
-1.101999999999993562e+01
-2.533999999999979380e+01
-1.215999999999991488e+01
-6.300000000000002487e+00
-1.645999999999983388e+01
-2.383999999999978314e+01
-3.060000000000002274e+00
-1.001999999999994628e+01
-1.260000000000001119e+00
-7.859999999999986997e+00
-2.097999999999981569e+01
-5.700000000000001954e+00
-1.273999999999989896e+01
-1.023999999999994870e+01
-1.140000000000001013e+00
-1.960000000000001741e+00
-2.347999999999979437e+01
-2.760000000000002895e+00
-2.245999999999976637e+01
-2.820000000000002505e+00
-1.709999999999986287e+01
-2.580000000000002292e+00
-1.991999999999977788e+01
-2.311999999999975586e+01
-3.380000000000002558e+00
-6.260000000000002451e+00
4.600000000000000755e-01
-4.200000000000005951e-01
-1.500000000000001332e+00
-1.660000000000001474e+00
-2.027999999999978797e+01
-2.259999999999979181e+01
-7.339999999999996305e+00
-7.619999999999992113e+00
-2.173999999999974619e+01
-4.240000000000002878e+00
-2.360000000000002096e+00
-8.479999999999972005e+00
-3.200000000000005063e-01
-2.500000000000002220e+00
-4.340000000000002522e+00
-2.860000000000002540e+00
6.799999999999999378e-01
-1.180000000000001048e+00
-1.541999999999985960e+01
-1.600000000000001421e+00
-1.459999999999987530e+01
-2.197999999999974818e+01
-2.179999999999975557e+01
-1.380000000000001226e+00
-8.800000000000010036e-01
-6.240000000000003766e+00
-9.199999999999961986e+00
-2.223999999999975685e+01
-2.383999999999977959e+01
-2.280000000000002025e+00
-9.139999999999966818e+00
-4.460000000000003517e+00
-2.040000000000001812e+00
-6.600000000000008082e-01
-1.599999999999984368e+01
-1.389999999999988134e+01
-1.400000000000001243e+00
-5.600000000000004974e+00
-9.919999999999946638e+00
-2.079999999999976268e+01
-9.399999999999959499e+00
-2.257999999999975671e+01
-2.300000000000002043e+00
-2.200000000000001954e+00
-5.860000000000003872e+00
-1.397999999999988496e+01
-2.323999999999978527e+01
-1.101999999999993562e+01
-1.903999999999981441e+01
-2.275999999999977419e+01
-7.279999999999997584e+00
-1.815999999999979764e+01
-3.960000000000002629e+00
-2.437999999999977163e+01
-2.920000000000002593e+00
-7.200000000000006395e-01
-1.780000000000001581e+00
-1.200000000000001066e+00
-1.720000000000001972e+00
-7.819999999999991402e+00
-2.360000000000002096e+00
-1.479999999999986393e+01
-3.120000000000002771e+00
-9.359999999999963904e+00
-2.100000000000001865e+00
-2.500000000000002220e+00
-4.879999999999999893e+00
1.599999999999998090e-01
-2.900000000000002576e+00
-2.269999999999978257e+01
-1.860000000000001652e+00
-5.460000000000003517e+00
-1.133999999999992703e+01
-2.281999999999975870e+01
-7.699999999999992184e+00
-1.800000000000003819e-01
-2.000000000000023981e-02
6.799999999999999378e-01
-1.040000000000000924e+00
-2.720000000000002416e+00
-1.040000000000000924e+00
-3.720000000000002416e+00
-6.839999999999998082e+00
-2.580000000000002292e+00
-1.101999999999992674e+01
-1.405999999999987438e+01
-2.100000000000001865e+00
-1.020000000000000906e+00
-1.585999999999985732e+01
-7.959999999999986642e+00
-3.400000000000005240e-01
-8.399999999999975486e+00
-2.155999999999976424e+01
-3.940000000000002167e+00
-5.600000000000003197e+00
-1.141999999999992355e+01
-5.220000000000002416e+00
-1.620000000000001439e+00
-2.420000000000002149e+00
-4.580000000000002736e+00
-6.580000000000001847e+00
-4.680000000000004157e+00
-6.600000000000008082e-01
-1.740000000000001545e+00
-1.800000000000001599e+00
7.399999999999999911e-01
-3.800000000000001599e+00
-3.360000000000002096e+00
-4.200000000000008171e-01
-1.307999999999990237e+01
-3.920000000000003482e+00
-4.200000000000002842e+00
-4.700000000000001954e+00
-1.575999999999986656e+01
5.400000000000000355e-01
-3.040000000000002700e+00
-2.960000000000002629e+00
-1.157999999999991303e+01
-1.863999999999982293e+01
-2.251999999999974733e+01
-2.137999999999977518e+01
-6.620000000000001883e+00
-2.740000000000002434e+00
-5.740000000000001990e+00
-2.419999999999976126e+01
-5.620000000000003659e+00
-6.100000000000003197e+00
-1.449999999999986322e+01
-3.700000000000001954e+00
-5.640000000000000568e+00
-1.820000000000001616e+00
-3.780000000000002913e+00
-3.720000000000003304e+00
-4.080000000000003624e+00
-1.000000000000000888e+00
-4.920000000000002593e+00
-4.560000000000002274e+00
-1.280000000000001137e+00
-6.860000000000002096e+00
-1.269999999999990159e+01
-4.920000000000001705e+00
-2.060000000000002274e+00
-1.660000000000001474e+00
-6.200000000000005507e-01
-4.940000000000002167e+00
-3.500000000000002665e+00
-8.600000000000009859e-01
-3.240000000000002878e+00
-2.401999999999975444e+01
-4.280000000000002913e+00
-4.420000000000002593e+00
-1.249999999999989342e+01
-6.280000000000002025e+00
-7.200000000000008615e-01
-9.259999999999964260e+00
-2.780000000000002469e+00
-1.560000000000001386e+00
-4.100000000000003197e+00
-1.580000000000001403e+00
-1.380000000000001226e+00
9.200000000000000400e-01
-5.660000000000001918e+00
8.200000000000000622e-01
-5.940000000000003055e+00
-2.260000000000002007e+00
-3.120000000000002771e+00
-2.940000000000002611e+00
-2.040000000000001812e+00
-5.800000000000009592e-01
-1.920000000000001705e+00
-2.920000000000002593e+00
-2.245999999999976993e+01
-3.080000000000002736e+00
-4.400000000000002132e+00
-2.520000000000002238e+00
-2.257999999999977803e+01
-2.060000000000001830e+00
-1.140000000000001013e+00
-8.819999999999968310e+00
-6.060000000000004050e+00
9.999999999999975575e-02
-1.880000000000001670e+00
-1.640000000000001457e+00
-4.060000000000002274e+00
-4.660000000000001918e+00
-1.120000000000000995e+00
-1.520000000000001350e+00
-5.200000000000006839e-01
-2.660000000000002363e+00
-2.260000000000002007e+00
-1.780000000000001581e+00
-9.400000000000010569e-01
-1.260000000000001119e+00
-6.400000000000004796e+00
-1.187999999999992262e+01
-5.400000000000007017e-01
-1.385999999999988752e+01
-2.461999999999976296e+01
-1.093999999999992490e+01
-1.320000000000001172e+00
4.199999999999999289e-01
-4.800000000000006484e-01
-7.319999999999996732e+00
3.000000000000000444e-01
-3.300000000000002487e+00
-9.939999999999944436e+00
-4.700000000000002842e+00
-2.240000000000001990e+00
-3.060000000000002274e+00
-9.839999999999955449e+00
-3.140000000000002345e+00
-5.640000000000004121e+00
-3.320000000000002949e+00
-2.720000000000002416e+00
-9.600000000000008527e-01
-1.083999999999993946e+01
-5.440000000000003055e+00
-1.120000000000000995e+00
-2.740000000000002434e+00
-4.760000000000001563e+00
-3.600000000000005418e-01
-9.299999999999959854e+00
-9.800000000000010925e-01
-1.660000000000001474e+00
-1.180000000000001048e+00
-5.260000000000002451e+00
-2.215999999999976211e+01
-1.420000000000001261e+00
-1.417999999999987359e+01
-1.620000000000001439e+00
-1.400000000000003464e-01
-4.180000000000002380e+00
-3.620000000000002771e+00
-8.699999999999977973e+00
-6.200000000000007727e-01
-6.000000000000027534e-02
-8.479999999999973781e+00
-9.479999999999963123e+00
-4.080000000000001847e+00
-5.400000000000003908e+00
-1.240000000000001101e+00
-1.580000000000001847e+00
-1.580000000000001403e+00
-1.380000000000001226e+00
-4.780000000000003801e+00
-1.500000000000001332e+00
1.199999999999997735e-01
3.000000000000000444e-01
-1.379999999999988702e+01
-1.107999999999992191e+01
-1.331999999999989193e+01
-3.820000000000002949e+00
-1.457999999999986862e+01
-9.800000000000008704e-01
-5.880000000000002558e+00
-2.320000000000002061e+00
-3.240000000000001990e+00
-1.055999999999994188e+01
-2.840000000000002522e+00
-3.200000000000002842e+00
-1.660000000000001474e+00
-2.600000000000002309e-01
-9.659999999999946851e+00
-1.080000000000000959e+00
-6.140000000000002345e+00
-1.800000000000001599e+00
-8.579999999999973426e+00
-1.415999999999986159e+01
-4.060000000000003162e+00
-4.200000000000008171e-01
7.600000000000000089e-01
-4.340000000000002522e+00
-3.140000000000002345e+00
-2.780000000000002469e+00
8.000000000000000444e-01
-1.900000000000001688e+00
-1.120000000000000995e+00
-5.960000000000003517e+00
-6.060000000000003162e+00
-8.400000000000007461e-01
-5.400000000000007017e-01
-2.239999999999976765e+01
-1.460000000000001297e+00
-1.940000000000001723e+00
-4.800000000000006484e-01
3.599999999999999867e-01
-9.000000000000010214e-01
-9.400000000000010569e-01
-2.800000000000002487e+00
-1.680000000000001492e+00
-3.500000000000002665e+00
-1.583999999999983288e+01
-6.340000000000003411e+00
-2.320000000000002061e+00
-2.220000000000001972e+00
-7.179999999999997939e+00
-6.000000000000027534e-02
-1.180000000000001048e+00
-5.960000000000002629e+00
-4.020000000000002238e+00
-2.820000000000002505e+00
-2.200000000000001954e+00
-2.960000000000002629e+00
-2.060000000000001830e+00
-2.400000000000002132e+00
-2.100000000000001865e+00
-2.540000000000002256e+00
-3.400000000000005240e-01
-1.221999999999989761e+01
-4.600000000000006306e-01
-3.640000000000003233e+00
-7.699999999999992184e+00
-2.300000000000002043e+00
-2.280000000000002025e+00
-5.260000000000001563e+00
-4.100000000000003197e+00
3.399999999999999689e-01
-3.800000000000003375e-01
-4.580000000000002736e+00
-4.800000000000002487e+00
-1.853999999999979309e+01
-1.540000000000001368e+00
-5.620000000000002771e+00
-2.380000000000002114e+00
-3.460000000000002629e+00
-7.600000000000011191e-01
-2.960000000000002629e+00
-9.600000000000010747e-01
-1.363999999999987622e+01
-6.600000000000004974e+00
-2.780000000000002469e+00
-6.280000000000002913e+00
-7.959999999999986642e+00
-9.600000000000010747e-01
-2.280000000000002025e+00
-9.600000000000010747e-01
-5.200000000000006839e-01
-4.600000000000003197e+00
-7.200000000000008615e-01
-4.540000000000002700e+00
-2.920000000000002593e+00
-2.120000000000001883e+00
-2.200000000000001954e+00
-4.220000000000002416e+00
-7.200000000000008615e-01
-3.160000000000002807e+00
-5.540000000000003588e+00
-5.400000000000009237e-01
2.199999999999998623e-01
-3.760000000000003340e+00
-8.339999999999976765e+00
-2.020000000000001794e+00
-7.180000000000003268e+00
-1.520000000000001350e+00
-2.660000000000002363e+00
-4.760000000000002451e+00
5.400000000000000355e-01
-1.520000000000001350e+00
-1.780000000000001581e+00
3.200000000000000622e-01
-1.560000000000001386e+00
-8.579999999999973426e+00
-2.540000000000002256e+00
-7.719999999999984652e+00
-3.160000000000002807e+00
-2.400000000000004352e-01
-5.920000000000003482e+00
-1.820000000000001616e+00
-2.260000000000002007e+00
-2.720000000000002416e+00
-8.639999999999977476e+00
-3.940000000000001279e+00
-1.000000000000003109e-01
-4.440000000000003944e+00
-4.780000000000001137e+00
-1.300000000000001155e+00
-3.560000000000003162e+00
-1.020000000000000906e+00
-1.500000000000001332e+00
-1.640000000000001457e+00
-3.140000000000002345e+00
-4.040000000000001812e+00
-2.000000000000046185e-02
-2.780000000000002469e+00
-1.400000000000001243e+00
-1.375999999999987011e+01
-1.560000000000001386e+00
-5.600000000000009415e-01
-3.000000000000002665e-01
-6.600000000000008082e-01
-2.300000000000002043e+00
-1.440000000000001279e+00
-1.061999999999993705e+01
-2.620000000000002327e+00
-5.620000000000002771e+00
-5.160000000000001030e+00
4.600000000000000755e-01
-1.640000000000001457e+00
-4.400000000000003908e-01
2.599999999999998979e-01
-1.400000000000001243e+00
-1.960000000000001741e+00
-3.560000000000003162e+00
-3.540000000000002700e+00
-1.480000000000001315e+00
-3.380000000000002558e+00
-4.140000000000003233e+00
-1.900000000000001688e+00
-8.800000000000010036e-01
-1.860000000000002096e+00
3.199999999999999512e-01
-3.640000000000002345e+00
-2.520000000000002238e+00
-2.400000000000004352e-01
-1.680000000000001492e+00
-2.380000000000002558e+00
-2.440000000000002167e+00
-8.400000000000007461e-01
-1.780000000000001581e+00
8.000000000000000444e-01
-1.385999999999988574e+01
-1.460000000000001741e+00
-2.160000000000001918e+00
-2.000000000000001776e+00
-1.021999999999995268e+01
-1.740000000000001545e+00
-1.520000000000001794e+00
5.999999999999960920e-02
-1.380000000000001226e+00
8.399999999999999689e-01
1.599999999999998090e-01
-4.300000000000003375e+00
-3.940000000000003055e+00
-2.360000000000002096e+00
-1.560000000000001830e+00
-7.220000000000000639e+00
1.599999999999998090e-01
-6.600000000000008082e-01
-1.600000000000003642e-01
-2.400000000000004352e-01
-4.800000000000006484e-01
6.600000000000000311e-01
-7.619999999999990337e+00
-6.740000000000001990e+00
-3.320000000000002061e+00
-2.160000000000001918e+00
-2.920000000000003038e+00
-9.439999999999958646e+00
-4.140000000000001457e+00
-3.200000000000002842e+00
-2.440000000000002167e+00
-1.400000000000001243e+00
-2.420000000000002149e+00
-2.680000000000002380e+00
-5.340000000000003411e+00
4.200000000000000400e-01
7.999999999999962697e-02
-1.020000000000000906e+00
-9.600000000000010747e-01
-3.000000000000002665e-01
-8.859999999999974563e+00
-2.660000000000002363e+00
-1.560000000000001386e+00
-2.160000000000001918e+00
-1.080000000000000959e+00
-1.580000000000001403e+00
-5.600000000000007194e-01
-1.060000000000000941e+00
-1.740000000000001990e+00
-1.380000000000001670e+00
-2.400000000000002132e+00
-1.340000000000001190e+00
-3.200000000000005063e-01
-2.740000000000002434e+00
-1.113999999999992774e+01
-3.560000000000003162e+00
2.399999999999998801e-01
-2.980000000000002647e+00
-5.400000000000007017e-01
-1.340000000000001190e+00
-2.180000000000002380e+00
-1.000000000000000888e+00
1.199999999999998845e-01
-2.280000000000002025e+00
2.199999999999998623e-01
-5.440000000000003944e+00
-4.800000000000008704e-01
-7.400000000000008793e-01
-5.400000000000009237e-01
-1.420000000000001261e+00
-8.979999999999966676e+00
-1.340000000000001190e+00
-1.347999999999989740e+01
-1.400000000000001243e+00
-4.160000000000003695e+00
-2.600000000000002753e+00
-8.000000000000011546e-01
-1.340000000000001190e+00
-1.860000000000001652e+00
-1.320000000000001172e+00
-1.660000000000001474e+00
-1.800000000000001599e+00
3.000000000000000444e-01
-2.400000000000002132e+00
-2.220446049250313081e-16
-1.000000000000003109e-01
-4.100000000000002309e+00
-2.940000000000002611e+00
-1.280000000000001137e+00
-2.200000000000001954e+00
-2.200000000000001954e+00
-5.920000000000003482e+00
-1.200000000000003286e-01
-6.180000000000004157e+00
-1.740000000000001545e+00
-1.560000000000001386e+00
-6.200000000000007727e-01
-2.960000000000002629e+00
3.599999999999999867e-01
-1.380000000000001226e+00
-2.080000000000001847e+00
-8.200000000000009504e-01
4.400000000000000577e-01
1.799999999999998268e-01
-1.167999999999991800e+01
-2.160000000000001918e+00
-3.800000000000001599e+00
-4.980000000000002203e+00
-1.860000000000001652e+00
-2.680000000000002380e+00
-8.000000000000009326e-01
-2.500000000000002220e+00
-2.440000000000002167e+00
-1.480000000000001315e+00
-1.460000000000001297e+00
-1.860000000000001652e+00
4.000000000000000222e-01
-4.800000000000006484e-01
-5.600000000000003197e+00
-1.720000000000001528e+00
-8.800000000000010036e-01
-1.440000000000001279e+00
-3.320000000000002949e+00
-3.200000000000005063e-01
-2.820000000000002505e+00
-3.200000000000005063e-01
-6.400000000000007905e-01
-1.020000000000000906e+00
-1.060000000000000941e+00
-3.080000000000002736e+00
-3.260000000000002451e+00
-8.600000000000009859e-01
-3.420000000000002593e+00
-3.200000000000005063e-01
-6.000000000000007550e-01
-1.680000000000001492e+00
-3.040000000000002700e+00
-7.200000000000008615e-01
-1.360000000000001208e+00
-2.800000000000002487e-01
-2.000000000000023981e-02
-7.379999999999995453e+00
-1.520000000000001350e+00
-2.440000000000002167e+00
-5.680000000000004157e+00
-2.080000000000001847e+00
-5.120000000000002771e+00
-4.580000000000002736e+00
-4.600000000000004086e-01
-2.160000000000001918e+00
-3.600000000000005418e-01
-4.960000000000001741e+00
4.200000000000000400e-01
-2.720000000000002416e+00
3.999999999999992450e-02
-1.420000000000001261e+00
-5.440000000000003055e+00
-2.000000000000001776e+00
-1.240000000000001101e+00
-2.620000000000002327e+00
-3.200000000000005063e-01
-3.000000000000002665e+00
-2.520000000000002238e+00
-2.740000000000002434e+00
-1.140000000000001013e+00
-1.140000000000001013e+00
-2.220000000000001972e+00
-1.540000000000001368e+00
7.600000000000000089e-01
-1.680000000000001492e+00
-2.100000000000001865e+00
-8.600000000000009859e-01
-2.460000000000002185e+00
-1.600000000000001421e+00
-7.000000000000006217e-01
-5.560000000000004050e+00
-8.000000000000009326e-01
5.200000000000000178e-01
-1.760000000000001563e+00
-2.260000000000002007e+00
-2.380000000000002114e+00
-3.820000000000002949e+00
-2.480000000000002203e+00
-4.640000000000003233e+00
-1.660000000000001474e+00
-4.000000000000005773e-01
-2.280000000000002025e+00
-4.380000000000002558e+00
-1.800000000000001599e+00
9.200000000000000400e-01
-3.400000000000005240e-01
-1.700000000000001510e+00
-2.140000000000001901e+00
1.799999999999999378e-01
-6.800000000000008260e-01
-1.260000000000001119e+00
-3.240000000000001990e+00
-3.960000000000003517e+00
-6.060000000000003162e+00
-4.040000000000002700e+00
-1.720000000000001528e+00
-1.549999999999985434e+01
-1.620000000000001439e+00
-3.260000000000002451e+00
-5.740000000000003766e+00
-3.060000000000002274e+00
-4.000000000000005773e-01
-1.920000000000001705e+00
-3.540000000000002700e+00
-6.400000000000007905e-01
-2.780000000000002469e+00
-3.300000000000002487e+00
-1.800000000000001599e+00
-3.160000000000002807e+00
-7.600000000000008971e-01
-9.800000000000010925e-01
4.400000000000000577e-01
-1.319999999999988916e+01
-2.800000000000004707e-01
-4.200000000000005951e-01
-6.200000000000007727e-01
-1.700000000000001510e+00
-7.000000000000008438e-01
-1.080000000000000959e+00
-7.799999999999990052e+00
-4.560000000000002274e+00
-1.940000000000001723e+00
-9.879999999999956373e+00
-1.120000000000000995e+00
-5.700000000000003730e+00
-4.000000000000003553e-01
-4.320000000000002949e+00
-6.220000000000004192e+00
-1.660000000000001474e+00
-2.720000000000002416e+00
-1.740000000000001545e+00
-1.920000000000001705e+00
-8.000000000000007105e-02
-1.900000000000001688e+00
-2.140000000000001901e+00
-2.640000000000002345e+00
-2.080000000000001847e+00
-6.000000000000009770e-01
-2.800000000000004707e-01
-1.620000000000001439e+00
-2.220446049250313081e-16
-1.760000000000002007e+00
-3.380000000000002558e+00
-1.240000000000001101e+00
-2.500000000000002220e+00
-2.100000000000001865e+00
-1.360000000000001208e+00
-9.800000000000010925e-01
-2.440000000000002167e+00
-1.720000000000001528e+00
-4.800000000000008704e-01
-3.400000000000005240e-01
-1.980000000000001759e+00
-6.800000000000008260e-01
-6.600000000000005862e-01
-1.560000000000001386e+00
-5.780000000000002025e+00
-5.600000000000004974e-01
-1.760000000000001563e+00
-3.400000000000003020e-01
-9.000000000000010214e-01
-1.160000000000001030e+00
-9.000000000000010214e-01
-1.280000000000001581e+00
-2.220000000000002416e+00
-1.200000000000001066e+00
-8.000000000000007105e-02
-1.860000000000001652e+00
-2.040000000000001812e+00
1.999999999999979572e-02
